u,v
0,1
0,2
0,3
0,4
0,5
0,6
0,7
0,8
0,9
0,10
0,11
0,12
0,13
0,14
0,15
0,16
0,17
0,18
0,19
0,20
0,21
0,22
0,23
0,24
0,25
0,26
0,27
0,28
0,29
0,30
0,31
0,32
0,33
0,34
0,35
0,36
0,37
0,38
0,39
0,40
0,41
0,42
0,43
0,44
0,45
0,46
0,47
0,48
0,49
0,50
0,51
0,52
0,53
0,54
0,55
0,56
0,57
0,58
0,59
0,60
0,61
0,62
0,63
0,64
0,65
0,66
0,67
0,68
0,69
0,70
0,71
0,72
0,73
0,74
0,75
0,76
0,77
0,78
0,79
0,80
0,81
0,82
0,83
0,84
0,85
0,86
0,87
0,88
0,89
0,90
0,91
0,92
0,93
0,94
0,95
0,96
0,97
0,98
0,99
0,100
0,101
0,102
0,103
0,104
0,105
0,106
0,107
0,108
0,109
0,110
0,111
0,112
0,113
0,114
0,115
0,116
0,117
0,118
0,119
0,120
0,121
0,122
0,123
0,124
0,125
0,126
0,127
0,128
0,129
0,130
0,131
0,132
0,133
0,134
0,135
0,136
0,137
0,138
0,139
0,140
0,141
0,142
0,143
0,144
0,145
0,146
0,147
147,148
147,149
147,150
147,151
147,152
147,153
147,154
147,155
147,156
147,157
147,158
147,159
147,160
159,161
159,162
159,153
159,163
159,164
159,157
159,165
159,166
159,167
159,168
159,169
159,170
159,171
159,172
159,173
159,174
159,175
159,176
159,177
159,178
159,179
159,180
159,156
178,181
178,169
178,182
178,164
178,173
178,183
178,184
178,185
178,186
178,156
178,187
178,188
178,189
178,170
178,168
178,166
178,190
178,191
178,192
178,175
178,193
178,194
178,195
178,196
178,197
178,198
198,185
198,182
198,164
198,184
198,199
198,194
198,186
198,191
198,168
198,193
198,175
198,189
198,197
198,190
198,173
198,169
198,196
198,195
198,170
198,166
198,156
198,187
198,181
198,192
199,169
199,200
199,175
199,201
199,202
199,164
199,203
199,166
199,204
199,205
199,170
205,201
205,175
205,170
205,164
205,202
205,166
205,203
205,200
205,206
205,169
205,207
207,175
207,201
207,208
207,202
207,166
207,164
207,169
207,200
207,170
207,203
207,209
207,199
209,210
209,203
209,200
209,170
209,205
209,208
209,169
209,166
209,202
209,211
209,212
209,201
209,213
209,175
209,164
209,214
209,199
209,215
209,216
209,217
213,210
213,214
213,215
213,216
211,218
211,219
211,220
211,221
211,169
211,222
211,223
211,224
211,225
211,226
224,66
224,9
224,43
224,71
224,21
224,92
224,147
224,109
224,132
224,118
224,1
224,16
224,110
224,35
224,53
224,93
224,119
224,103
224,45
224,80
224,127
224,113
224,131
224,5
224,106
224,12
224,49
224,24
224,29
224,65
224,27
224,129
224,63
224,62
224,89
224,96
224,57
224,17
224,74
224,138
224,100
224,4
224,55
224,50
224,91
224,135
224,42
224,2
224,58
224,95
224,136
224,115
224,13
224,78
224,82
224,77
224,79
224,40
224,139
224,61
224,30
224,73
224,98
224,125
224,81
224,88
224,146
224,102
224,8
224,48
224,143
224,145
224,39
224,70
224,3
224,87
224,32
224,20
224,140
224,141
224,22
224,18
224,25
224,124
224,69
224,114
224,99
224,15
224,31
224,56
224,122
224,105
224,33
224,120
224,38
224,76
224,64
224,130
224,107
224,51
224,90
224,111
224,36
224,46
224,97
224,47
224,6
224,85
224,23
224,44
224,83
224,117
224,133
224,126
224,10
224,68
224,19
224,28
224,11
224,121
224,84
224,41
224,128
224,54
224,72
224,37
224,144
224,142
224,123
224,137
224,86
224,14
224,101
224,52
224,59
224,34
224,116
224,94
224,227
224,67
224,7
224,104
224,26
224,75
224,134
224,108
224,112
224,60
227,228
227,229
227,230
227,231
227,232
227,233
227,234
227,235
227,236
227,237
227,238
227,239
227,240
227,241
227,242
227,243
227,244
227,245
227,246
227,247
227,248
227,85
227,68
227,249
227,250
227,251
227,55
227,252
227,72
227,253
227,254
254,250
254,255
254,68
254,256
254,245
254,231
254,253
254,257
254,248
254,238
254,237
254,240
254,258
254,232
254,251
254,72
254,234
254,259
254,244
254,230
254,260
254,243
254,261
254,228
261,253
261,231
261,227
261,262
261,248
261,244
261,242
261,250
261,240
261,263
261,230
261,237
261,68
261,251
261,125
261,232
261,228
261,245
261,72
261,264
261,241
261,233
261,243
261,234
261,238
264,50
264,83
264,21
264,75
264,102
264,113
264,133
264,79
264,134
264,40
264,51
264,96
264,129
264,121
264,15
264,61
264,104
264,98
264,137
264,60
264,66
264,43
264,138
264,74
264,25
264,136
264,76
264,47
264,265
264,120
264,68
264,87
264,266
264,109
264,17
264,139
264,108
264,70
264,93
264,26
264,118
264,88
264,125
264,267
264,36
264,30
264,20
264,90
264,142
264,103
264,37
264,119
264,52
264,49
264,95
264,94
264,7
264,46
264,146
264,91
264,145
264,80
264,63
264,78
264,144
264,89
264,56
264,132
264,123
264,59
264,105
264,86
264,54
264,85
264,16
264,1
264,141
264,99
264,58
264,130
264,110
264,0
264,12
264,77
264,8
264,28
266,268
266,125
266,269
266,270
266,271
266,272
266,273
266,151
266,274
266,275
266,276
266,277
266,278
266,279
266,280
266,281
266,282
266,283
283,284
283,285
283,286
283,287
283,288
283,289
283,290
283,291
283,292
283,293
283,294
283,295
283,296
283,297
283,298
283,299
283,300
283,151
283,41
300,151
300,295
300,284
300,296
300,290
300,41
300,294
300,285
300,299
300,289
300,291
300,288
300,293
300,292
300,297
300,286
299,41
299,291
299,297
299,289
299,284
299,70
299,137
299,296
299,294
299,293
299,285
299,295
299,151
299,286
299,288
299,290
299,292
298,295
298,41
298,289
298,294
298,286
298,288
298,297
298,296
298,300
298,151
298,291
298,293
298,284
298,299
298,285
298,290
298,292
297,294
297,295
297,284
297,286
297,288
297,41
297,290
297,291
297,285
297,289
297,292
297,293
297,296
297,151
296,294
296,288
296,285
296,289
296,290
296,286
296,151
296,295
296,284
296,292
296,291
296,293
296,41
295,284
295,292
295,290
295,289
295,291
295,288
295,286
295,294
295,41
295,293
295,285
295,151
294,290
294,151
294,289
294,291
294,285
294,288
294,284
294,286
294,293
294,41
294,292
293,290
293,41
293,284
293,151
293,292
293,285
293,289
293,291
293,288
293,286
292,41
292,284
292,291
292,285
292,288
292,286
292,289
292,290
292,151
291,289
291,284
291,286
291,41
291,151
291,290
291,285
291,288
290,41
290,284
290,289
290,285
290,151
290,288
290,286
289,286
289,41
289,151
289,284
289,285
289,288
288,285
288,151
288,284
288,286
288,41
287,288
287,291
287,296
287,151
287,295
287,284
287,290
287,285
287,300
287,292
287,289
287,293
287,294
287,297
287,286
287,41
287,299
286,284
286,151
286,285
286,41
285,284
285,285
285,151
284,41
284,151
282,151
282,274
282,273
282,268
282,275
282,278
282,270
282,279
282,269
282,280
282,277
282,271
282,281
282,272
282,276
282,283
282,125
281,277
281,151
281,279
281,270
281,273
281,283
281,269
281,125
281,278
280,273
280,274
280,275
280,270
280,151
280,272
280,277
280,269
280,268
280,283
280,125
280,281
280,271
280,279
280,278
280,276
279,269
279,151
279,283
279,273
279,278
279,277
279,125
279,270
278,151
278,269
278,283
278,276
278,270
278,277
278,268
278,271
278,274
278,272
278,275
278,125
278,273
277,273
277,125
277,272
277,59
277,151
277,274
277,270
277,271
277,276
277,269
277,268
277,275
277,283
276,273
276,151
276,274
276,269
276,270
276,268
276,283
276,279
276,275
276,125
276,271
276,272
276,281
275,279
275,272
275,274
275,271
275,283
275,281
275,151
275,269
275,270
275,273
275,268
275,125
274,270
274,281
274,283
274,125
274,279
274,269
274,151
274,273
274,271
274,272
274,268
273,271
273,270
273,268
273,125
273,151
273,269
273,272
273,283
272,270
272,125
272,269
272,283
272,281
272,151
272,268
272,271
272,279
271,151
271,281
271,268
271,283
271,269
271,125
271,270
271,279
270,125
270,151
270,283
270,269
269,283
269,125
269,268
269,151
268,279
268,270
268,281
268,151
268,125
268,283
265,58
265,109
265,139
265,144
265,105
265,49
265,1
265,123
265,63
265,8
265,130
265,134
265,120
265,138
265,56
265,104
265,96
265,98
265,110
265,146
265,60
265,86
265,30
265,52
265,91
265,133
265,76
265,83
265,129
265,54
265,79
265,119
265,37
265,94
265,25
265,80
265,17
265,90
265,141
265,20
265,68
265,43
265,28
265,59
265,21
265,108
265,85
265,103
265,89
265,136
265,78
265,102
265,142
265,88
265,51
265,70
265,75
265,0
265,93
265,132
265,95
265,87
265,12
265,46
265,121
265,47
265,16
265,26
265,145
265,66
265,99
265,77
265,36
265,15
265,113
265,61
265,7
265,74
265,118
265,50
265,137
265,40
263,28
263,98
263,51
263,68
263,30
263,66
263,54
263,56
263,95
263,108
263,132
263,130
263,89
263,144
263,146
263,113
263,96
263,141
263,102
263,17
263,15
263,109
263,50
263,21
263,79
263,75
263,49
263,16
263,120
263,59
263,91
263,80
263,77
263,26
263,85
263,139
263,123
263,136
263,12
263,104
263,1
263,90
263,76
263,40
263,103
263,63
263,88
263,87
263,137
263,138
263,47
263,83
263,119
263,99
263,25
263,52
263,142
263,110
263,133
263,93
263,58
263,121
263,105
263,94
263,46
263,7
263,36
263,145
263,43
263,70
263,74
263,86
263,61
263,78
263,129
263,8
263,134
263,60
263,0
263,37
263,20
263,118
262,39
262,87
262,112
260,230
260,237
260,241
260,234
260,244
260,246
260,231
260,240
260,72
260,250
260,248
260,253
260,238
260,232
260,243
260,245
260,228
260,68
260,227
260,251
259,68
259,234
259,244
259,237
259,240
259,72
259,245
259,251
259,125
259,253
259,231
259,227
259,238
259,250
259,232
259,243
259,228
259,248
259,230
258,241
258,248
258,237
258,251
258,236
258,228
258,55
258,247
258,252
258,238
258,227
258,253
258,240
258,250
258,244
258,72
258,68
258,232
258,245
258,231
258,230
258,234
258,243
257,232
257,244
257,251
257,72
257,228
257,243
257,230
257,245
257,253
257,227
257,68
257,234
257,238
257,250
257,231
257,240
257,237
257,248
256,237
256,72
256,243
256,245
256,44
256,247
256,232
256,252
256,250
256,240
256,241
256,228
256,234
256,68
256,244
256,251
256,230
256,227
256,253
256,248
256,238
256,231
255,231
255,234
255,250
255,55
255,238
255,253
255,68
255,245
255,228
255,227
255,244
255,232
255,237
255,251
255,248
255,243
255,230
255,240
255,72
253,248
253,72
253,232
253,234
253,231
253,85
253,237
253,238
253,251
253,228
253,230
253,245
253,240
253,250
253,244
253,243
253,68
252,242
252,245
252,234
252,232
252,240
252,250
252,72
252,244
252,237
252,251
252,243
252,248
252,253
252,231
252,68
252,228
252,238
252,230
251,232
251,243
251,245
251,68
251,240
251,244
251,248
251,230
251,231
251,228
251,234
251,250
251,85
251,72
251,238
251,237
250,230
250,72
250,238
250,68
250,245
250,243
250,244
250,248
250,228
250,234
250,232
250,240
250,237
250,231
249,250
249,244
249,237
249,238
249,248
249,245
249,240
249,72
249,243
249,231
249,228
249,230
249,232
249,251
249,233
249,68
249,253
249,234
248,228
248,237
248,230
248,68
248,240
248,232
248,85
248,72
248,245
248,238
248,234
248,244
248,243
248,231
247,228
247,244
247,245
247,242
247,240
247,234
247,232
247,251
247,246
247,250
247,230
247,231
247,238
247,237
247,68
247,253
247,243
247,248
247,72
246,234
246,243
246,245
246,253
246,244
246,238
246,248
246,242
246,240
246,228
246,237
246,72
246,232
246,231
246,251
246,230
246,250
246,68
245,238
245,68
245,72
245,240
245,243
245,230
245,244
245,237
245,234
245,231
245,228
245,232
244,243
244,236
244,238
244,68
244,230
244,237
244,231
244,72
244,228
244,240
244,232
244,234
243,0
243,13
243,90
243,85
243,43
243,97
243,123
243,104
243,37
243,110
243,58
243,98
243,133
243,33
243,113
243,3
243,94
243,2
243,11
243,61
243,15
243,131
243,72
243,48
243,143
243,117
243,100
243,82
243,21
243,147
243,60
243,135
243,116
243,1
243,14
243,101
243,59
243,129
243,132
243,96
243,126
243,30
243,125
243,17
243,25
243,35
243,73
243,67
243,31
243,34
243,99
243,107
243,28
243,71
243,127
243,106
243,141
243,95
243,70
243,23
243,5
243,136
243,9
243,32
243,108
243,128
243,118
243,19
243,76
243,88
243,102
243,20
243,103
243,121
243,62
243,145
243,120
243,115
243,7
243,46
243,119
243,64
243,12
243,134
243,105
243,112
243,140
243,89
243,10
243,22
243,42
243,36
243,39
243,54
243,109
243,56
243,29
243,138
243,122
243,63
243,146
243,78
243,8
243,87
243,81
243,130
243,83
243,124
243,16
243,137
243,79
243,50
243,77
243,6
243,139
243,142
243,86
243,65
243,47
243,57
243,40
243,38
243,92
243,74
243,80
243,41
243,52
243,68
243,18
243,44
243,111
243,75
243,91
243,53
243,114
243,27
243,24
243,4
243,55
243,66
243,49
243,26
243,93
243,45
243,84
243,69
243,51
243,144
242,250
242,232
242,230
242,251
242,248
242,233
242,240
242,241
242,245
242,68
242,72
242,234
242,244
242,249
242,228
242,238
242,237
242,231
242,253
242,243
241,230
241,237
241,251
241,232
241,245
241,243
241,240
241,72
241,68
241,231
241,249
241,250
241,238
241,248
241,228
241,234
241,239
241,244
241,253
240,230
240,68
240,238
240,243
240,228
240,237
240,234
240,232
240,231
240,72
239,234
239,68
239,243
239,237
239,240
239,244
239,230
239,253
239,232
239,248
239,231
239,250
239,245
239,251
239,238
239,72
239,228
238,68
238,230
238,237
238,72
238,231
238,243
238,234
238,232
238,228
237,228
237,243
237,68
237,85
237,231
237,230
237,232
237,65
237,234
237,72
236,55
235,105
235,98
235,108
235,99
235,76
235,46
235,137
235,12
235,66
235,78
235,15
235,96
235,134
235,91
235,58
235,54
235,132
235,89
235,133
235,90
235,49
235,25
235,77
235,63
235,85
235,51
235,60
235,86
235,50
235,30
235,28
235,136
235,265
235,121
235,8
235,7
235,1
235,120
235,129
235,146
235,144
235,93
235,94
235,36
235,74
235,68
235,119
235,87
235,104
235,118
235,142
235,17
235,139
235,43
235,109
235,103
235,113
235,110
235,0
235,52
235,145
235,95
235,21
235,70
235,75
235,40
235,141
235,26
235,83
235,138
235,16
235,88
235,20
235,102
235,267
235,79
235,59
235,56
235,123
235,80
235,130
235,37
235,47
235,61
234,243
234,228
234,231
234,68
234,232
234,72
234,230
233,247
233,234
233,251
233,68
233,55
233,72
233,250
233,230
233,232
233,245
233,260
233,240
233,244
233,231
233,241
233,228
233,253
233,237
233,238
233,243
233,248
232,231
232,243
232,230
232,228
232,72
232,68
231,68
231,72
231,230
231,228
231,243
230,243
230,72
230,228
230,68
229,8
229,80
229,85
229,134
229,102
229,95
229,86
229,37
229,129
229,79
229,16
229,137
229,15
229,17
229,7
229,132
229,105
229,94
229,267
229,98
229,52
229,104
229,30
229,74
229,109
229,60
229,110
229,59
229,130
229,146
229,0
229,70
229,26
229,145
229,136
229,88
229,50
229,119
229,43
229,56
229,21
229,103
229,89
229,93
229,96
229,36
229,61
229,120
229,142
229,68
229,108
229,138
229,58
229,75
229,28
229,83
229,78
229,1
229,40
229,123
229,99
229,87
229,121
229,46
229,51
229,63
229,265
229,12
229,47
229,141
229,66
229,76
229,25
229,118
229,54
229,91
229,90
229,139
229,49
229,133
229,20
229,77
229,144
229,113
228,68
228,72
228,243
221,219
221,218
221,223
221,226
220,176
219,218
219,225
219,223
210,215
210,212
210,214
208,170
208,201
208,199
208,205
208,169
208,200
208,202
208,175
208,203
208,164
208,166
206,166
206,164
206,202
206,209
206,175
206,169
206,173
206,199
206,171
206,181
206,178
206,170
204,170
203,163
203,169
203,166
203,164
203,170
203,201
203,175
203,200
203,202
202,170
202,175
202,169
202,200
202,166
202,201
202,164
201,170
201,169
201,166
201,200
201,164
201,175
200,166
200,175
200,170
200,164
200,169
197,191
197,169
197,170
197,175
197,166
197,164
197,156
196,186
196,173
196,189
196,175
196,168
196,190
196,193
196,191
196,192
196,194
196,187
196,166
196,184
196,181
196,156
196,170
196,185
196,182
196,197
196,195
196,164
196,169
195,169
195,182
195,194
195,166
195,192
195,193
195,190
195,170
195,197
195,175
195,189
195,187
195,181
195,164
195,186
195,168
195,183
195,156
195,191
195,188
195,173
195,184
195,185
194,185
194,164
194,166
194,193
194,186
194,190
194,184
194,170
194,197
194,173
194,169
194,191
194,187
194,181
194,189
194,156
194,182
194,168
194,192
194,175
193,181
193,187
193,190
193,170
193,192
193,156
193,191
193,173
193,186
193,197
193,164
193,175
193,169
193,189
193,182
193,185
193,168
193,184
193,207
193,166
192,189
192,190
192,168
192,207
192,181
192,199
192,164
192,175
192,197
192,170
192,186
192,182
192,169
192,187
192,185
192,184
192,191
192,156
192,173
192,166
191,170
191,156
191,166
191,164
191,175
191,169
190,173
190,162
190,169
190,164
190,182
190,191
190,185
190,207
190,156
190,184
190,181
190,186
190,189
190,197
190,187
190,175
190,166
190,205
190,206
190,201
190,188
190,183
190,170
190,168
190,199
189,185
189,168
189,169
189,186
189,175
189,197
189,184
189,181
189,164
189,187
189,182
189,191
189,166
189,156
189,173
189,170
187,170
187,185
187,156
187,166
187,181
187,184
187,168
187,164
187,169
187,197
187,175
187,186
187,173
187,182
187,191
186,173
186,184
186,166
186,205
186,170
186,199
186,164
186,182
186,156
186,197
186,168
186,169
186,185
186,191
186,175
186,181
185,181
185,173
185,156
185,169
185,175
185,197
185,184
185,164
185,166
185,168
185,170
185,182
185,191
184,164
184,168
184,182
184,173
184,169
184,197
184,170
184,181
184,166
184,156
184,191
184,175
182,168
182,191
182,156
182,175
182,181
182,169
182,164
182,173
182,166
182,170
182,197
181,173
181,197
181,156
181,191
181,175
181,169
181,168
181,164
181,170
181,166
176,150
176,158
176,156
176,153
176,155
176,148
176,152
176,160
176,154
176,149
176,151
176,157
175,164
175,169
175,170
175,166
173,156
173,164
173,170
173,168
173,169
173,191
173,166
173,175
173,197
172,169
172,175
172,152
172,153
172,166
172,164
172,170
172,157
171,191
171,166
171,197
171,170
171,164
171,169
171,156
171,175
170,166
170,150
170,164
170,152
170,168
170,156
170,169
170,163
170,157
169,151
169,155
169,154
168,162
168,175
168,191
168,156
168,169
168,197
168,164
168,166
164,87
164,68
164,243
163,200
163,201
163,169
163,205
163,199
163,202
163,164
163,166
163,175
162,185
162,198
162,187
162,196
162,166
162,181
162,191
162,173
162,175
162,195
162,184
162,197
162,169
162,189
162,182
162,170
162,178
162,193
162,164
162,186
162,156
162,192
162,194
157,164
157,166
157,153
157,175
157,169
156,175
156,166
156,169
156,163
156,164
155,164
154,164
154,155
153,166
153,164
153,175
153,170
153,169
153,151
152,157
152,156
152,149
152,150
152,153
152,159
152,152
152,191
152,148
152,151
151,7
151,88
151,129
151,137
151,100
151,13
151,45
151,71
151,116
151,8
151,74
151,53
151,70
151,118
151,73
151,146
151,122
151,145
151,90
151,1
151,105
151,136
151,86
151,10
151,104
151,139
151,25
151,30
151,103
151,97
151,82
151,127
151,69
151,18
151,62
151,48
151,75
151,115
151,68
151,49
151,128
151,142
151,107
151,108
151,60
151,106
151,52
151,55
151,47
151,5
151,28
151,89
151,35
151,37
151,76
151,98
151,64
151,133
151,67
151,23
151,20
151,130
151,51
151,109
151,93
151,99
151,16
151,94
151,65
151,26
151,83
151,141
151,59
151,81
151,41
151,125
151,3
151,227
151,19
151,121
151,57
151,126
151,140
151,32
151,4
151,117
151,58
151,44
151,21
151,124
151,61
151,135
151,43
151,114
151,123
151,34
151,102
151,78
151,29
151,33
151,79
151,24
151,119
151,85
151,15
151,110
151,54
151,91
151,132
151,66
151,50
151,120
151,95
151,11
151,77
151,36
151,40
151,2
151,9
151,111
151,42
151,31
151,22
151,112
151,134
151,87
151,14
151,138
151,38
151,101
151,56
151,63
151,27
151,84
151,72
151,92
151,39
151,6
151,113
151,96
151,12
151,17
151,46
151,144
151,131
151,80
151,143
150,169
150,175
150,166
150,164
149,156
149,151
149,153
149,148
149,150
149,157
149,160
149,159
148,157
148,203
148,169
148,156
148,168
148,166
148,159
148,172
148,163
148,206
148,164
148,170
148,209
148,150
148,171
146,68
145,68
145,59
144,74
144,95
144,63
144,26
144,58
144,96
144,85
144,61
144,142
144,130
144,12
144,37
144,118
144,87
144,90
144,99
144,78
144,75
144,59
144,83
144,70
144,102
144,129
144,15
144,68
144,88
144,141
144,123
144,136
144,119
144,86
144,105
144,16
144,121
144,77
144,91
144,7
144,54
144,28
144,138
144,146
144,47
144,109
144,79
144,51
144,108
144,113
144,20
144,36
144,1
144,94
144,25
144,110
144,104
144,93
144,134
144,139
144,80
144,43
144,98
144,103
144,89
144,40
144,50
144,21
144,49
144,76
144,120
144,66
144,17
144,56
144,8
144,30
144,60
144,52
144,46
144,132
144,137
144,133
144,145
142,94
142,61
142,60
142,1
142,136
142,43
142,21
142,96
142,66
142,120
142,262
142,103
142,119
142,40
142,141
142,80
142,36
142,56
142,70
142,85
142,76
142,146
142,8
142,116
142,51
142,16
142,121
142,37
142,49
142,75
142,88
142,28
142,18
142,102
142,138
142,89
142,105
142,7
142,59
142,113
142,132
142,52
142,123
142,86
142,15
142,63
142,79
142,110
142,17
142,139
142,129
142,133
142,54
142,118
142,77
142,104
142,130
142,109
142,74
142,26
142,25
142,48
142,30
142,108
142,99
142,95
142,137
142,47
142,90
142,93
142,134
142,145
142,78
142,12
142,20
142,83
142,68
142,98
142,87
142,58
142,46
142,50
142,91
141,109
141,119
141,118
141,83
141,17
141,40
141,134
141,123
141,15
141,16
141,58
141,37
141,96
141,85
141,108
141,25
141,50
141,79
141,137
141,26
141,104
141,129
141,145
141,20
141,139
141,21
141,54
141,88
141,47
141,61
141,75
141,52
141,110
141,105
141,66
141,113
141,60
141,46
141,43
141,130
141,98
141,146
141,99
141,138
141,74
141,94
141,121
141,136
141,36
141,7
141,28
141,80
141,77
141,56
141,76
141,87
141,78
141,68
141,63
141,86
141,1
141,91
141,120
141,51
141,12
141,49
141,30
141,103
141,102
141,8
141,59
141,89
141,132
141,70
141,93
141,95
141,133
141,90
140,68
140,59
139,118
139,20
139,108
139,89
139,105
139,99
139,36
139,123
139,79
139,146
139,12
139,86
139,54
139,59
139,94
139,58
139,76
139,104
139,17
139,120
139,134
139,121
139,66
139,7
139,52
139,40
139,136
139,46
139,87
139,1
139,98
139,28
139,83
139,110
139,43
139,15
139,129
139,90
139,63
139,26
139,61
139,137
139,68
139,37
139,85
139,95
139,8
139,88
139,93
139,91
139,75
139,74
139,102
139,113
139,133
139,16
139,78
139,50
139,80
139,25
139,119
139,103
139,77
139,60
139,109
139,145
139,56
139,70
139,21
139,51
139,138
139,47
139,30
139,96
139,130
139,132
139,49
138,68
138,88
137,61
137,49
137,28
137,54
137,123
137,43
137,85
137,91
137,58
137,99
137,90
137,134
137,89
137,51
137,40
137,12
137,37
137,78
137,60
137,70
137,136
137,86
137,88
137,102
137,79
137,130
137,95
137,66
137,146
137,63
137,104
137,138
137,1
137,108
137,16
137,80
137,145
137,121
137,77
137,47
137,129
137,93
137,30
137,87
137,8
137,105
137,74
137,75
137,25
137,96
137,113
137,36
137,98
137,94
137,83
137,26
137,50
137,132
137,56
137,103
137,109
137,46
137,133
137,68
137,119
137,120
137,59
137,110
137,21
137,7
137,17
137,20
137,15
137,52
137,76
137,118
136,68
134,68
132,79
132,43
132,30
132,15
132,120
132,75
132,47
132,99
132,121
132,56
132,68
132,37
132,96
132,60
132,134
132,108
132,58
132,105
132,119
132,52
132,12
132,28
132,94
132,16
132,146
132,136
132,89
132,104
132,77
132,21
132,54
132,78
132,95
132,133
132,50
132,8
132,17
132,145
132,87
132,93
132,7
132,46
132,66
132,129
132,80
132,59
132,70
132,88
132,85
132,83
132,36
132,91
132,51
132,25
132,118
132,26
132,98
132,63
132,123
132,20
132,74
132,110
132,1
132,61
132,90
132,86
132,76
132,113
132,40
132,49
132,109
132,138
132,103
132,102
132,130
130,68
128,68
128,87
127,68
126,17
126,28
126,36
126,108
126,1
126,227
126,103
126,9
126,102
126,139
126,37
126,89
126,145
126,138
126,93
126,78
126,83
126,248
126,137
126,86
126,237
126,99
126,61
126,95
126,52
126,46
126,8
126,49
126,30
126,59
126,90
126,109
126,121
126,87
126,134
126,42
126,16
126,123
126,129
126,96
126,50
126,47
126,79
126,77
126,105
126,43
126,12
126,85
126,146
126,119
126,25
126,40
126,110
126,113
126,68
126,76
126,51
126,58
126,60
126,88
126,91
126,80
126,74
126,65
126,21
126,54
126,118
126,75
126,56
126,130
126,136
126,94
126,104
126,20
126,26
126,70
126,98
126,132
126,144
126,15
126,120
126,7
126,142
126,141
126,63
126,133
126,66
125,283
122,60
122,68
122,87
122,70
121,110
121,91
121,59
121,46
121,30
121,56
121,47
121,96
121,129
121,85
121,60
121,103
121,79
121,133
121,50
121,49
121,109
121,83
121,119
121,26
121,130
121,89
121,113
121,43
121,105
121,118
121,76
121,16
121,120
121,68
121,20
121,95
121,136
121,36
121,66
121,138
121,77
121,28
121,123
121,12
121,90
121,15
121,108
121,63
121,40
121,146
121,93
121,17
121,134
121,75
121,7
121,88
121,58
121,86
121,102
121,70
121,98
121,37
121,21
121,51
121,94
121,25
121,84
121,61
121,1
121,145
121,80
121,78
121,74
121,99
121,54
121,87
121,104
121,8
121,52
120,68
119,87
117,68
116,79
116,102
116,95
116,37
116,83
116,15
116,30
116,12
116,138
116,91
116,113
116,16
116,108
116,77
116,36
116,66
116,61
116,89
116,103
116,40
116,7
116,265
116,20
116,78
116,139
116,146
116,59
116,63
116,86
116,141
116,47
116,99
116,120
116,46
116,50
116,136
116,52
116,137
116,118
116,49
116,145
116,60
116,80
116,1
116,134
116,105
116,8
116,21
116,133
116,68
116,104
116,110
116,51
116,121
116,74
116,88
116,56
116,123
116,130
116,267
116,119
116,58
116,70
116,109
116,90
116,96
116,85
116,43
116,54
116,98
116,17
116,249
116,87
116,75
116,93
116,94
116,144
116,28
116,25
116,26
116,132
116,242
116,129
116,76
115,68
114,87
113,93
113,47
113,52
113,99
113,17
113,12
113,78
113,1
113,77
113,123
113,66
113,130
113,110
113,102
113,138
113,20
113,68
113,105
113,15
113,8
113,76
113,96
113,36
113,2
113,88
113,104
113,89
113,70
113,16
113,80
113,120
113,87
113,40
113,59
113,75
113,46
113,79
113,43
113,56
113,86
113,108
113,50
113,109
113,95
113,30
113,37
113,145
113,136
113,74
113,54
113,134
113,7
113,21
113,133
113,26
113,49
113,84
113,91
113,103
113,94
113,146
113,63
113,25
113,61
113,119
113,85
113,83
113,129
113,98
113,90
113,28
113,58
113,51
113,60
113,118
112,87
112,115
110,68
109,78
109,80
109,40
109,46
109,28
109,99
109,134
109,98
109,36
109,76
109,56
109,58
109,104
109,49
109,59
109,102
109,15
109,103
109,146
109,47
109,120
109,37
109,129
109,75
109,20
109,70
109,94
109,88
109,21
109,54
109,63
109,26
109,60
109,79
109,77
109,89
109,8
109,68
109,86
109,118
109,52
109,138
109,123
109,61
109,74
109,12
109,108
109,133
109,66
109,93
109,90
109,30
109,1
109,17
109,96
109,50
109,110
109,87
109,25
109,51
109,83
109,95
109,119
109,16
109,136
109,91
109,130
109,7
109,85
109,145
109,43
109,105
108,70
108,119
108,103
108,96
108,120
108,102
108,37
108,12
108,98
108,50
108,86
108,129
108,16
108,136
108,134
108,36
108,43
108,51
108,8
108,104
108,90
108,66
108,52
108,77
108,46
108,99
108,76
108,26
108,95
108,49
108,80
108,58
108,28
108,78
108,21
108,83
108,88
108,85
108,91
108,79
108,105
108,30
108,130
108,123
108,133
108,61
108,146
108,25
108,89
108,94
108,75
108,60
108,20
108,63
108,138
108,7
108,1
108,68
108,110
108,15
108,74
108,47
108,93
108,59
108,87
108,40
108,118
108,145
108,54
108,17
108,56
107,53
107,68
107,124
107,22
107,87
107,48
106,2
106,59
106,68
104,8
104,91
104,87
104,16
104,145
104,78
104,56
104,93
104,94
104,30
104,79
104,89
104,47
104,21
104,36
104,110
104,123
104,15
104,1
104,50
104,96
104,95
104,83
104,70
104,7
104,12
104,49
104,68
104,129
104,102
104,37
104,88
104,104
104,43
104,74
104,136
104,28
104,118
104,61
104,52
104,99
104,63
104,76
104,105
104,60
104,80
104,146
104,26
104,134
104,85
104,46
104,25
104,51
104,103
104,17
104,98
104,54
104,40
104,133
104,86
104,90
104,58
104,20
104,138
104,75
104,130
104,120
104,119
104,59
104,66
104,77
103,68
102,87
101,68
101,87
100,106
100,87
100,82
99,68
99,87
98,48
98,10
96,60
96,59
96,63
96,129
96,26
96,49
96,77
96,84
96,74
96,130
96,134
96,136
96,70
96,86
96,17
96,68
96,21
96,89
96,119
96,85
96,103
96,75
96,83
96,91
96,43
96,88
96,54
96,94
96,47
96,58
96,8
96,40
96,36
96,90
96,102
96,145
96,105
96,138
96,25
96,123
96,120
96,15
96,16
96,133
96,78
96,46
96,12
96,80
96,48
96,87
96,37
96,1
96,95
96,76
96,66
96,146
96,93
96,110
96,7
96,99
96,98
96,51
96,56
96,20
96,52
96,28
96,10
96,50
96,30
96,73
96,61
96,79
96,118
94,68
93,68
91,110
91,54
91,36
91,86
91,134
91,93
91,1
91,98
91,103
91,60
91,47
91,21
91,120
91,63
91,90
91,15
91,83
91,102
91,89
91,74
91,133
91,16
91,94
91,25
91,58
91,26
91,95
91,43
91,145
91,138
91,105
91,99
91,17
91,46
91,68
91,56
91,20
91,76
91,8
91,85
91,51
91,130
91,49
91,118
91,136
91,87
91,59
91,80
91,12
91,66
91,52
91,7
91,78
91,50
91,37
91,61
91,30
91,129
91,123
91,40
91,146
91,79
91,91
91,88
91,77
91,119
91,75
91,70
91,28
90,68
90,115
89,124
89,53
89,68
89,87
89,22
89,48
88,253
88,68
87,146
87,76
87,46
87,56
87,61
87,85
87,136
87,40
87,103
87,16
87,52
87,79
87,93
87,98
87,30
87,130
87,94
87,49
87,43
87,129
87,78
87,123
87,26
87,25
87,68
87,267
87,51
87,110
87,20
87,105
87,37
87,21
87,1
87,7
87,90
87,77
87,15
87,36
87,66
87,59
87,75
87,118
87,83
87,95
87,17
87,88
87,74
87,60
87,120
87,138
87,54
87,12
87,145
87,70
87,58
87,63
87,47
87,28
87,86
87,80
87,134
87,133
87,8
87,50
86,68
84,52
84,46
84,99
84,49
84,104
84,98
84,118
84,142
84,1
84,21
84,7
84,83
84,68
84,61
84,17
84,74
84,37
84,63
84,145
84,50
84,93
84,90
84,60
84,28
84,25
84,123
84,70
84,86
84,88
84,40
84,132
84,30
84,146
84,58
84,54
84,265
84,26
84,108
84,136
84,20
84,120
84,110
84,141
84,12
84,36
84,47
84,87
84,103
84,8
84,102
84,77
84,94
84,78
84,137
84,119
84,75
84,43
84,133
84,130
84,139
84,80
84,91
84,85
84,16
84,109
84,15
84,105
84,138
84,95
84,59
84,144
84,56
84,79
84,51
84,89
84,76
84,66
84,129
84,134
83,68
82,115
82,68
80,94
80,105
80,146
80,34
80,65
80,101
80,8
80,78
80,99
80,118
80,133
80,11
80,39
80,74
80,129
80,7
80,110
80,95
80,62
80,98
80,16
80,120
80,24
80,61
80,134
80,20
80,68
80,50
80,102
80,17
80,49
80,28
80,12
80,64
80,30
80,70
80,25
80,135
80,92
80,60
80,85
80,75
80,81
80,119
80,122
80,100
80,79
80,43
80,90
80,145
80,46
80,124
80,38
80,63
80,93
80,9
80,58
80,37
80,77
80,47
80,13
80,36
80,69
80,88
80,44
80,127
80,125
80,83
80,123
80,1
80,130
80,52
80,56
80,33
80,86
80,66
80,51
80,19
80,128
80,138
80,103
80,115
80,3
80,67
80,54
80,15
80,21
80,31
80,136
80,59
80,89
80,26
80,29
80,23
80,71
80,22
80,40
80,76
79,68
78,133
78,75
78,21
78,123
78,99
78,63
78,50
78,146
78,58
78,8
78,59
78,120
78,28
78,1
78,118
78,70
78,110
78,90
78,119
78,76
78,15
78,56
78,47
78,88
78,105
78,83
78,54
78,129
78,94
78,30
78,134
78,7
78,60
78,61
78,17
78,43
78,46
78,103
78,102
78,145
78,66
78,68
78,52
78,16
78,79
78,40
78,74
78,77
78,86
78,89
78,20
78,51
78,36
78,12
78,85
78,26
78,37
78,95
78,49
78,98
78,93
78,138
78,136
78,130
78,25
77,68
76,68
75,68
74,89
74,36
74,95
74,50
74,133
74,99
74,16
74,136
74,145
74,94
74,83
74,28
74,110
74,40
74,15
74,130
74,30
74,77
74,37
74,75
74,58
74,103
74,8
74,66
74,85
74,105
74,70
74,93
74,7
74,134
74,98
74,138
74,88
74,79
74,17
74,25
74,146
74,129
74,60
74,61
74,102
74,86
74,43
74,54
74,12
74,90
74,120
74,68
74,49
74,118
74,46
74,21
74,47
74,123
74,76
74,56
74,51
74,1
74,119
74,52
74,59
74,26
74,63
74,20
73,94
73,144
73,63
73,30
73,58
73,136
73,129
73,83
73,102
73,265
73,52
73,49
73,8
73,60
73,93
73,91
73,16
73,1
73,88
73,43
73,80
73,54
73,120
73,103
73,95
73,87
73,37
73,12
73,70
73,108
73,78
73,25
73,77
73,47
73,123
73,59
73,86
73,36
73,79
73,132
73,146
73,7
73,105
73,145
73,21
73,66
73,138
73,15
73,98
73,74
73,104
73,56
73,119
73,109
73,68
73,121
73,141
73,99
73,110
73,51
73,130
73,113
73,46
73,40
73,134
73,20
73,142
73,61
73,26
73,89
73,118
73,17
73,28
73,50
73,76
73,75
73,139
73,133
73,137
73,90
73,85
72,85
72,68
70,133
70,36
70,7
70,66
70,43
70,83
70,60
70,59
70,94
70,102
70,30
70,88
70,17
70,118
70,134
70,47
70,103
70,20
70,68
70,76
70,8
70,110
70,95
70,129
70,25
70,123
70,37
70,136
70,16
70,51
70,15
70,75
70,99
70,58
70,12
70,85
70,98
70,28
70,40
70,21
70,138
70,120
70,119
70,1
70,54
70,90
70,146
70,86
70,93
70,56
70,79
70,26
70,46
70,50
70,89
70,145
70,49
70,77
70,105
70,52
70,61
70,130
70,63
68,66
68,40
68,267
68,50
68,85
68,61
68,25
68,51
68,28
68,102
68,8
68,59
68,1
68,17
68,47
68,95
68,123
68,54
68,43
68,129
68,56
68,118
68,15
68,30
68,98
68,26
68,36
68,52
68,16
68,12
68,7
68,49
68,37
68,133
68,21
68,105
68,63
68,119
68,60
68,20
68,58
68,46
67,68
66,85
66,16
66,88
66,1
64,124
64,128
64,19
61,63
61,119
61,95
61,52
61,17
61,103
61,102
61,90
61,7
61,77
61,49
61,25
61,76
61,98
61,133
61,8
61,21
61,40
61,79
61,105
61,89
61,130
61,85
61,134
61,20
61,15
61,30
61,86
61,28
61,51
61,71
61,26
61,43
61,46
61,123
61,66
61,93
61,94
61,92
61,37
61,58
61,41
61,83
61,50
61,129
61,1
61,118
61,59
61,146
61,110
61,120
61,16
61,136
61,54
61,56
61,138
61,47
61,99
61,145
61,36
61,88
61,75
61,12
61,60
60,8
60,40
60,30
60,146
60,56
60,103
60,86
60,118
60,51
60,123
60,88
60,99
60,94
60,37
60,49
60,7
60,16
60,130
60,75
60,83
60,50
60,1
60,59
60,66
60,47
60,26
60,136
60,120
60,129
60,46
60,36
60,98
60,25
60,89
60,52
60,90
60,43
60,93
60,32
60,76
60,133
60,145
60,20
60,15
60,95
60,140
60,12
60,134
60,79
60,17
60,107
60,21
60,119
60,105
60,58
60,138
60,77
60,28
60,102
60,85
60,110
60,54
60,63
58,134
58,98
58,267
58,37
58,118
58,85
58,52
58,103
58,76
58,136
58,46
58,47
58,145
58,105
58,88
58,8
58,86
58,12
58,28
58,20
58,25
58,138
58,17
58,102
58,79
58,83
58,130
58,99
58,123
58,95
58,26
58,36
58,90
58,63
58,77
58,94
58,133
58,7
58,129
58,120
58,75
58,15
58,110
58,66
58,1
58,50
58,59
58,43
58,119
58,40
58,30
58,21
58,49
58,16
58,146
58,93
58,56
58,54
58,89
58,51
57,87
54,146
54,59
54,12
54,56
54,123
54,86
54,118
54,120
54,51
54,145
54,30
54,95
54,43
54,89
54,94
54,76
54,136
54,40
54,110
54,93
54,17
54,52
54,46
54,88
54,130
54,15
54,85
54,47
54,99
54,20
54,103
54,98
54,66
54,129
54,138
54,75
54,119
54,36
54,49
54,133
54,90
54,21
54,28
54,16
54,77
54,1
54,102
54,37
54,79
54,105
54,83
54,8
54,26
54,63
54,50
54,134
54,25
54,7
51,146
51,30
51,66
51,20
51,46
51,59
51,77
51,93
51,138
51,26
51,50
51,119
51,36
51,134
51,88
51,89
51,15
51,76
51,102
51,95
51,129
51,52
51,98
51,40
51,17
51,133
51,130
51,63
51,56
51,43
51,75
51,7
51,83
51,103
51,123
51,79
51,85
51,118
51,110
51,136
51,1
51,94
51,37
51,16
51,28
51,21
51,47
51,120
51,25
51,8
51,99
51,105
51,12
51,49
51,90
51,86
51,145
50,26
50,25
50,145
50,8
50,20
50,88
50,123
50,86
50,76
50,37
50,99
50,120
50,59
50,83
50,36
50,15
50,43
50,47
50,56
50,90
50,130
50,21
50,52
50,95
50,77
50,136
50,133
50,105
50,94
50,17
50,98
50,146
50,28
50,46
50,119
50,16
50,102
50,66
50,85
50,93
50,40
50,12
50,118
50,75
50,138
50,1
50,79
50,129
50,7
50,134
50,89
50,30
50,103
50,110
50,49
50,63
49,103
49,46
45,2
45,60
45,87
45,68
45,70
41,285
39,68
33,68
33,115
33,71
32,68
32,87
31,87
31,68
31,88
30,59
30,146
30,88
30,133
30,32
30,7
30,120
30,15
30,118
30,105
30,90
30,86
30,25
30,28
30,47
30,43
30,40
30,85
30,46
30,83
30,37
30,52
30,129
30,140
30,99
30,16
30,130
30,56
30,89
30,136
30,36
30,26
30,1
30,12
30,76
30,102
30,93
30,17
30,103
30,107
30,8
30,95
30,98
30,49
30,77
30,75
30,145
30,21
30,20
30,94
30,63
30,79
30,66
30,119
30,134
30,138
30,123
30,110
29,68
29,87
28,88
26,85
26,16
26,1
25,2
20,17
19,68
18,132
18,77
18,59
18,98
18,56
18,86
18,63
18,265
18,129
18,21
18,43
18,30
18,99
18,79
18,20
18,36
18,90
18,141
18,49
18,267
18,50
18,93
18,58
18,139
18,138
18,123
18,8
18,89
18,74
18,60
18,119
18,113
18,103
18,83
18,155
18,16
18,26
18,176
18,130
18,28
18,94
18,96
18,136
18,109
18,40
18,121
18,91
18,52
18,137
18,25
18,68
18,120
18,37
18,134
18,146
18,46
18,75
18,78
18,104
18,108
18,87
18,80
18,15
18,12
18,54
18,145
18,105
18,133
18,76
18,70
18,88
18,51
18,118
18,144
18,85
18,95
18,17
18,66
18,102
18,1
18,47
18,110
18,7
18,61
17,43
17,88
17,89
17,56
17,83
17,16
17,146
17,12
17,99
17,79
17,21
17,129
17,94
17,93
17,95
17,145
17,37
17,102
17,75
17,103
17,85
17,119
17,49
17,120
17,66
17,25
17,47
17,134
17,136
17,59
17,63
17,267
17,130
17,77
17,105
17,138
17,123
17,28
17,133
17,40
17,90
17,8
17,7
17,76
17,110
17,1
17,26
17,86
17,118
17,15
17,46
17,98
17,52
17,36
16,7
16,15
16,86
16,49
16,99
16,36
16,37
16,89
16,40
16,28
16,75
16,110
16,107
16,8
16,95
16,79
16,52
16,32
16,136
16,138
16,46
16,76
16,134
16,119
16,94
16,85
16,118
16,133
16,77
16,123
16,103
16,140
16,25
16,130
16,47
16,83
16,93
16,98
16,20
16,21
16,56
16,102
16,145
16,129
16,120
16,105
16,1
16,63
16,59
16,88
16,12
16,90
16,43
16,146
15,59
15,2
14,61
14,68
14,36
14,30
14,46
14,15
14,21
14,20
14,133
14,79
14,60
14,52
14,74
14,26
14,89
14,121
14,105
14,138
14,94
14,25
14,86
14,43
14,118
14,85
14,110
14,146
14,37
14,95
14,51
14,17
14,77
14,66
14,113
14,91
14,134
14,40
14,137
14,144
14,265
14,54
14,58
14,145
14,59
14,96
14,90
14,47
14,50
14,130
14,83
14,75
14,93
14,76
14,109
14,136
14,104
14,108
14,129
14,7
14,80
14,103
14,28
14,142
14,87
14,78
14,49
14,12
14,8
14,123
14,1
14,102
14,98
14,88
14,120
14,139
14,56
14,63
14,132
14,119
14,99
14,70
14,141
14,16
13,87
13,68
9,68
7,88
6,68
6,67
5,59
5,76
5,26
5,99
5,96
5,50
5,132
5,7
5,103
5,66
5,146
5,17
5,77
5,12
5,145
5,61
5,267
5,134
5,141
5,40
5,113
5,60
5,83
5,86
5,36
5,25
5,138
5,51
5,93
5,91
5,89
5,20
5,105
5,58
5,54
5,104
5,120
5,49
5,119
5,123
5,78
5,94
5,15
5,110
5,142
5,95
5,79
5,139
5,37
5,98
5,80
5,137
5,68
5,8
5,90
5,28
5,46
5,75
5,108
5,129
5,121
5,102
5,144
5,88
5,47
5,130
5,52
5,56
5,21
5,70
5,136
5,1
5,118
5,63
5,30
5,133
5,109
5,16
5,85
5,87
5,74
5,43
5,265
4,59
3,68
1,79
1,52
1,32
1,90
1,37
1,43
1,118
1,89
1,110
1,123
1,28
1,140
1,102
1,86
1,63
1,88
1,136
1,25
1,46
1,40
1,83
1,94
1,105
1,85
1,99
1,77
1,95
1,8
1,7
1,20
1,138
1,120
1,129
1,15
1,12
1,107
1,56
1,59
1,36
1,134
1,47
1,133
1,145
1,146
1,21
1,103
1,98
1,93
1,130
1,49
1,119
1,76
1,75
